-0.8705306053161621
-0.1392662525177002
-0.6964757442474365
-0.573424220085144
0.34924429655075073
0.07441073656082153
0.8517395853996277
0.016363192349672318
-0.07056881487369537
-0.21173734962940216
-0.8189319968223572
-0.6595153212547302
0.29424208402633667
0.4120994806289673
0.8423226475715637
-0.16900187730789185
0.5139358639717102
-0.6342954635620117
-0.8748012185096741
0.00145848304964602
-0.767212450504303
0.36682257056236267
-0.6487250924110413
0.44670236110687256
-0.443198561668396
-0.7374430894851685
-0.5826892256736755
-0.6840947866439819
0.2747838497161865
0.31433746218681335
-0.5192538499832153
0.48054239153862
-0.6340986490249634
0.8222211003303528
0.7822667956352234
-0.6477000713348389
0.42761722207069397
0.4017903506755829
-0.21703273057937622
0.9224076867103577
-0.6660799384117126
0.04710782691836357
0.5558794140815735
0.30457228422164917
-0.5808122158050537
-0.1102648675441742
-0.49228471517562866
0.04038779065012932
-0.35378721356391907
0.30367928743362427
-0.1418740451335907
0.5563477277755737
0.551864743232727
0.07667220383882523
-0.3912383019924164
-0.7601995468139648
-0.7356240153312683
-0.13349288702011108
0.6730061173439026
0.20435112714767456
0.43595343828201294
-0.7208856344223022
-0.1635213941335678
-0.011286581866443157
0.533944308757782
0.5867545008659363
-0.30288636684417725
0.7455011010169983
0.27488744258880615
0.1172749400138855
-0.30030322074890137
-0.507722795009613
0.659708559513092
-0.6709681749343872
-0.46544843912124634
0.44166478514671326
-0.02729197032749653
0.023884523659944534
0.0165671706199646
-0.6336163282394409
0.3936777412891388
0.7333124876022339
0.19744838774204254
-0.3586641550064087
0.5796623826026917
0.1684739589691162
0.46677732467651367
0.06709529459476471
0.7482147812843323
0.6072167754173279
0.23899239301681519
0.021546561270952225
-0.7602500319480896
-0.47120949625968933
0.7083268165588379
0.5542583465576172
-0.6022129654884338
-0.5387454628944397
-0.042340487241744995
0.7513296604156494
-0.48467835783958435
0.35480815172195435
0.5547237396240234
0.18602602183818817
-0.054438721388578415
0.19511254131793976
-0.0019759724382311106
-0.4239787757396698
-0.757807195186615
-0.10340015590190887
-0.2506857216358185
0.6794126629829407
-0.35476866364479065
0.20668809115886688
-0.3743932247161865
0.1698690503835678
-0.23291635513305664
-0.29786527156829834
-0.7391434907913208
0.07718060910701752
0.14728987216949463
-0.543570339679718
-0.6396218538284302
-0.4456268846988678
0.009145318530499935
0.01633363589644432
-0.6656174063682556
-0.508582592010498
0.7418078184127808
0.30471158027648926
0.7154844999313354
0.1191193237900734
-0.37806621193885803
0.7433742880821228
0.22322328388690948
-0.6576666831970215
0.2467421293258667
-0.6115818023681641
-0.43983450531959534
-0.29864147305488586
0.
0.
0.
0.
0.
1.
1.
1.
1.
1.
0.
0.
0.
0.
0.
0.
0.
0.
0.
0.
0.
0.
0.
0.
0.
0.
0.
0.
0.
0.
0.
0.
0.
0.
0.
0.
0.
0.
0.
0.